0 0.7453125 0.47578125 0.153125 0.1109375
0 0.71328125 0.3546875 0.0859375 0.1125
0 0.68359375 0.27578125 0.0390625 0.0640625
0 0.846875 0.33671875 0.09375 0.0921875
0 0.8890625 0.465625 0.103125 0.115625
0 0.3234375 0.30390625 0.071875 0.0765625
0 0.2828125 0.40390625 0.084375 0.1046875
0 0.36171875 0.4984375 0.0859375 0.0375
0 0.18984375 0.48359375 0.0578125 0.0859375
0 0.18984375 0.709375 0.0796875 0.18125
0 0.28359375 0.67890625 0.0640625 0.0703125
0 0.39453125 0.56171875 0.0921875 0.0828125